Size,Throughput
2048
4096
8192
16384
32768
65536
131072
262144
524288
1048576
2097152
4194304
2048
4096
8192
16384
32768
65536
131072
262144
524288
1048576
2097152
4194304
2048
4096
8192
16384
32768
65536
131072
262144
524288
1048576
2097152
4194304
2048
4096
8192
16384
32768
65536
131072
262144
524288
1048576
2097152
4194304
Size,Throughput
2048
4096
8192
16384
32768
65536
131072
262144
524288
1048576
2097152
4194304
2048
4096
8192
16384
32768
65536
131072
262144
524288
1048576
2097152
4194304
2048
4096
8192
16384
32768
65536
131072
262144
524288
1048576
2097152
4194304
2048
4096
8192
16384
32768
65536
131072
262144
524288
1048576
2097152
4194304
Size,Throughput
2048
4096
8192
16384
32768
65536
131072
262144
524288
1048576
2097152
4194304
2048
4096
8192
16384
32768
65536
131072
262144
524288
1048576
2097152
4194304
2048
4096
8192
16384
32768
65536
131072
262144
524288
1048576
2097152
4194304
2048
4096
8192
16384
32768
65536
131072
262144
524288
1048576
2097152
4194304
Size,Throughput
2048
4096
8192
16384
32768
65536
131072
262144
524288
1048576
2097152
4194304
Size,Throughput
2048
4096
8192
16384
32768
65536
131072
262144
524288
1048576
2097152
4194304
Size,Throughput
2048
4096
8192
16384
32768
65536
131072
262144
524288
1048576
2097152
4194304
Size,Throughput
2048
4096
8192
16384
32768
65536
131072
262144
524288
1048576
2097152
4194304
Size,Throughput
2048
4096
8192
16384
32768
65536
131072
262144
524288
1048576
2097152
4194304
